4 0.449219 0.536111 0.092188 0.183333
0 0.306250 0.513426 0.073958 0.162037
0 0.554948 0.431019 0.070312 0.147222
3 0.471875 0.299074 0.050000 0.109259
0 0.750260 0.349537 0.058854 0.100926
0 0.594271 0.321296 0.051042 0.090741
4 0.084635 0.421759 0.042188 0.086111
0 0.242188 0.408796 0.059375 0.102778
0 0.178125 0.400463 0.053125 0.100926
4 0.688281 0.186111 0.036979 0.066667
0 0.224479 0.295833 0.040625 0.075000
0 0.407552 0.275000 0.041146 0.074074
0 0.616927 0.234722 0.039062 0.065741
0 0.441146 0.242593 0.038542 0.072222
4 0.568229 0.175463 0.036458 0.063889
0 0.796094 0.608796 0.089062 0.186111
0 0.596354 0.200926 0.036458 0.074074
0 0.376302 0.320370 0.045313 0.075926
3 0.460156 0.275926 0.051562 0.100000
0 0.446354 0.173148 0.040625 0.068519
